                0          1           2          3            4           5           6         7   ...         33        34         35        36         37         38         39         40
0       -33.300281   3.259287  -82.735265 -16.217146   -74.731583  -41.170139    4.445594  1.293864  ...  -0.116472 -7.263046  10.565445 -5.706292   1.765998  -3.270768  15.215491 -11.078087
1        23.747461  -7.381949   -9.209848 -17.653384    38.502838    5.427509   39.381873  0.847643  ...  -6.367692  0.272034  -0.033293  1.768040  -0.802396  -3.087883   7.668749  -1.476620
2        33.659553   4.532596   19.671379 -31.268968    35.069556   44.159268  -31.246679  0.850042  ...   4.901962 -0.052719   0.497766  0.393953  -0.591827  -1.852541   7.011032  -0.285906
3       998.095415 -69.718163 -128.960393 -76.854786  1019.363682 -131.819663 -644.455210  3.487977  ... -48.618341  1.766754  59.289060 -1.702733 -14.278690 -19.814473   5.038995 -38.544793
4              NaN        NaN         NaN        NaN          NaN         NaN         NaN       NaN  ...        NaN       NaN        NaN       NaN        NaN        NaN        NaN        NaN
...            ...        ...         ...        ...          ...         ...         ...       ...  ...        ...       ...        ...       ...        ...        ...        ...        ...
125968         NaN        NaN         NaN        NaN          NaN         NaN         NaN       NaN  ...        NaN       NaN        NaN       NaN        NaN        NaN        NaN        NaN
125969         NaN        NaN         NaN        NaN          NaN         NaN         NaN       NaN  ...        NaN       NaN        NaN       NaN        NaN        NaN        NaN        NaN
125970         NaN        NaN         NaN        NaN          NaN         NaN         NaN       NaN  ...        NaN       NaN        NaN       NaN        NaN        NaN        NaN        NaN
125971         NaN        NaN         NaN        NaN          NaN         NaN         NaN       NaN  ...        NaN       NaN        NaN       NaN        NaN        NaN        NaN        NaN
125972         NaN        NaN         NaN        NaN          NaN         NaN         NaN       NaN  ...        NaN       NaN        NaN       NaN        NaN        NaN        NaN        NaN

[125973 rows x 41 columns]
